Mat a
38 19 38 37 55 97 65 85 50 12 
53 0 42 81 37 21 45 85 97 80 
76 91 55 6 57 23 81 40 25 78 
46 90 40 87 7 37 11 17 56 67 
33 78 23 87 97 84 12 11 78 66 
29 4 79 5 88 49 29 76 31 64 
14 36 28 2 52 4 37 56 98 72 
97 13 83 3 60 42 47 75 71 4 
73 52 19 4 39 86 4 37 23 35 
33 93 20 74 83 61 24 65 69 30 
67 36 49 36 19 27 0 23 22 74 
11 62 65 91 19 47 50 20 34 68 
24 77 46 31 58 72 30 34 81 35 
67 60 14 42 76 27 23 94 68 44 
24 21 7 96 26 63 40 62 47 80 
47 28 13 83 59 43 91 94 61 33 
72 51 54 70 19 74 21 22 10 52 
48 56 11 75 36 19 88 55 47 40 
54 93 55 41 4 67 16 56 1 27 
14 51 83 79 74 46 14 99 65 37 
60 52 75 60 86 50 22 33 55 57 
68 97 75 41 40 77 43 81 16 22 
47 12 91 23 32 95 65 6 75 79 
27 33 53 47 82 62 1 44 56 45 
91 59 14 13 94 54 65 18 77 83 
88 94 8 5 76 97 34 77 20 25 
30 52 72 45 66 61 57 89 59 10 
75 40 64 26 93 97 15 89 92 60 
81 96 11 79 78 54 58 98 36 3 
58 43 23 83 3 26 9 90 75 2 
78 51 54 84 2 54 35 52 54 82 
98 37 1 15 26 17 32 23 32 65 
88 26 53 93 78 88 29 67 27 94 
72 52 57 61 10 19 6 10 93 7 
12 93 26 35 12 5 64 40 26 63 
36 10 1 30 37 2 35 71 1 8 
92 40 9 19 80 18 98 1 34 36 
77 21 3 70 1 49 22 2 14 81 
36 79 11 61 87 39 99 95 87 51 
13 65 49 66 34 79 43 87 51 92 
16 38 91 14 92 8 50 84 3 41 
51 91 51 32 11 91 58 13 23 54 
36 5 94 67 0 42 54 5 95 84 
41 6 78 93 59 2 60 96 42 91 
95 0 48 59 73 95 60 47 22 79 
8 25 72 61 18 21 19 45 2 60 
62 49 11 99 82 81 64 62 33 70 
20 66 70 21 29 27 91 3 26 58 
87 39 19 84 97 35 33 79 44 54 
98 5 25 6 81 33 14 22 46 97 
25 22 69 49 64 17 77 5 73 71 
11 31 97 59 7 97 97 63 90 2 
77 19 52 94 8 62 13 90 4 99 
2 7 94 64 13 25 81 40 1 61 
40 2 66 14 56 12 81 30 6 29 
54 64 89 90 39 77 24 19 72 26 
71 73 88 52 50 59 83 57 21 42 
0 93 54 21 9 3 4 5 8 7 
42 44 93 88 12 88 81 66 63 91 
69 7 70 0 15 57 52 60 84 21 
21 47 27 59 37 72 5 7 46 52 
13 78 72 33 46 67 13 41 99 99 
31 47 82 47 23 80 20 38 72 35 
31 70 43 46 29 79 83 51 53 41 
52 99 76 29 8 12 33 11 26 73 
32 78 87 78 35 69 17 77 94 5 
33 44 9 67 88 4 11 67 74 6 
29 37 56 31 36 67 82 81 11 7 
14 52 13 31 66 94 93 10 68 27 
90 32 41 63 45 57 21 21 33 33 
41 8 55 36 28 36 21 29 6 60 
44 88 9 41 97 80 58 57 92 49 
96 69 15 22 15 56 76 90 36 97 
78 49 27 46 49 57 34 70 21 82 
8 20 35 61 71 81 33 47 98 48 
43 78 49 12 34 72 59 70 10 0 
31 3 22 13 62 28 11 64 40 29 
10 18 0 58 33 14 33 44 88 43 
6 39 62 33 44 36 3 36 57 10 
30 66 33 53 99 19 21 18 82 66 
12 40 88 93 74 18 57 15 49 42 
27 9 81 50 47 63 27 21 1 37 
46 0 24 73 34 53 98 90 96 64 
5 50 13 4 84 24 6 32 32 73 
84 19 34 16 9 56 91 27 47 18 
33 52 72 80 58 24 93 88 66 43 
95 65 2 80 39 93 77 22 20 56 
94 11 26 26 16 60 22 87 73 29 
80 85 58 27 68 81 1 27 68 74 
41 20 42 46 98 68 86 11 8 59 
89 57 18 29 36 49 41 1 66 89 
71 86 7 76 29 97 83 85 36 7 
18 67 51 32 41 80 63 35 13 2 
73 4 67 65 52 40 32 78 35 60 
38 63 41 57 70 88 21 26 79 26 
45 30 63 90 81 44 16 28 5 12 
82 77 95 52 60 22 86 99 8 38 
76 84 50 33 44 46 79 17 35 43 
2 93 88 11 59 37 43 18 36 37 
40 80 85 53 83 27 54 29 49 74 
Mat b
38 19 38 37 55 97 65 85 50 12 
53 0 42 81 37 21 45 85 97 80 
76 91 55 6 57 23 81 40 25 78 
46 90 40 87 7 37 11 17 56 67 
33 78 23 87 97 84 12 11 78 66 
29 4 79 5 88 49 29 76 31 64 
14 36 28 2 52 4 37 56 98 72 
97 13 83 3 60 42 47 75 71 4 
73 52 19 4 39 86 4 37 23 35 
33 93 20 74 83 61 24 65 69 30 
67 36 49 36 19 27 0 23 22 74 
11 62 65 91 19 47 50 20 34 68 
24 77 46 31 58 72 30 34 81 35 
67 60 14 42 76 27 23 94 68 44 
24 21 7 96 26 63 40 62 47 80 
47 28 13 83 59 43 91 94 61 33 
72 51 54 70 19 74 21 22 10 52 
48 56 11 75 36 19 88 55 47 40 
54 93 55 41 4 67 16 56 1 27 
14 51 83 79 74 46 14 99 65 37 
60 52 75 60 86 50 22 33 55 57 
68 97 75 41 40 77 43 81 16 22 
47 12 91 23 32 95 65 6 75 79 
27 33 53 47 82 62 1 44 56 45 
91 59 14 13 94 54 65 18 77 83 
88 94 8 5 76 97 34 77 20 25 
30 52 72 45 66 61 57 89 59 10 
75 40 64 26 93 97 15 89 92 60 
81 96 11 79 78 54 58 98 36 3 
58 43 23 83 3 26 9 90 75 2 
78 51 54 84 2 54 35 52 54 82 
98 37 1 15 26 17 32 23 32 65 
88 26 53 93 78 88 29 67 27 94 
72 52 57 61 10 19 6 10 93 7 
12 93 26 35 12 5 64 40 26 63 
36 10 1 30 37 2 35 71 1 8 
92 40 9 19 80 18 98 1 34 36 
77 21 3 70 1 49 22 2 14 81 
36 79 11 61 87 39 99 95 87 51 
13 65 49 66 34 79 43 87 51 92 
16 38 91 14 92 8 50 84 3 41 
51 91 51 32 11 91 58 13 23 54 
36 5 94 67 0 42 54 5 95 84 
41 6 78 93 59 2 60 96 42 91 
95 0 48 59 73 95 60 47 22 79 
8 25 72 61 18 21 19 45 2 60 
62 49 11 99 82 81 64 62 33 70 
20 66 70 21 29 27 91 3 26 58 
87 39 19 84 97 35 33 79 44 54 
98 5 25 6 81 33 14 22 46 97 
25 22 69 49 64 17 77 5 73 71 
11 31 97 59 7 97 97 63 90 2 
77 19 52 94 8 62 13 90 4 99 
2 7 94 64 13 25 81 40 1 61 
40 2 66 14 56 12 81 30 6 29 
54 64 89 90 39 77 24 19 72 26 
71 73 88 52 50 59 83 57 21 42 
0 93 54 21 9 3 4 5 8 7 
42 44 93 88 12 88 81 66 63 91 
69 7 70 0 15 57 52 60 84 21 
21 47 27 59 37 72 5 7 46 52 
13 78 72 33 46 67 13 41 99 99 
31 47 82 47 23 80 20 38 72 35 
31 70 43 46 29 79 83 51 53 41 
52 99 76 29 8 12 33 11 26 73 
32 78 87 78 35 69 17 77 94 5 
33 44 9 67 88 4 11 67 74 6 
29 37 56 31 36 67 82 81 11 7 
14 52 13 31 66 94 93 10 68 27 
90 32 41 63 45 57 21 21 33 33 
41 8 55 36 28 36 21 29 6 60 
44 88 9 41 97 80 58 57 92 49 
96 69 15 22 15 56 76 90 36 97 
78 49 27 46 49 57 34 70 21 82 
8 20 35 61 71 81 33 47 98 48 
43 78 49 12 34 72 59 70 10 0 
31 3 22 13 62 28 11 64 40 29 
10 18 0 58 33 14 33 44 88 43 
6 39 62 33 44 36 3 36 57 10 
30 66 33 53 99 19 21 18 82 66 
12 40 88 93 74 18 57 15 49 42 
27 9 81 50 47 63 27 21 1 37 
46 0 24 73 34 53 98 90 96 64 
5 50 13 4 84 24 6 32 32 73 
84 19 34 16 9 56 91 27 47 18 
33 52 72 80 58 24 93 88 66 43 
95 65 2 80 39 93 77 22 20 56 
94 11 26 26 16 60 22 87 73 29 
80 85 58 27 68 81 1 27 68 74 
41 20 42 46 98 68 86 11 8 59 
89 57 18 29 36 49 41 1 66 89 
71 86 7 76 29 97 83 85 36 7 
18 67 51 32 41 80 63 35 13 2 
73 4 67 65 52 40 32 78 35 60 
38 63 41 57 70 88 21 26 79 26 
45 30 63 90 81 44 16 28 5 12 
82 77 95 52 60 22 86 99 8 38 
76 84 50 33 44 46 79 17 35 43 
2 93 88 11 59 37 43 18 36 37 
40 80 85 53 83 27 54 29 49 74 
